5785492
10662982
15915340
18666424
22246130
29798974
64435899
76081052
96082963
122745611
122779979
128579318
133348192
134182720
150957577
153721064
157938811
163399922
168734790
174984455
185282075
223918877
241261621
253100472
283895082
299903976
305216534
318525200
319539209
336773725
342143446
346555439
346869998
351927492
364786831
397138216
415640429
433692787
443866415
450002965
470563157
473242687
487838342
498620239
499908456
526734524
581341543
595307860
622666971
799628396
912802069
943433587
954614844
1136851903
1229267196
1242006049
1246500002
1358743478
1540915280
1557800760
2241713309
2652020599
2739660947
2769126904
2807608971
2811090698
2820264279
2899213697
2906112917
3027841534
3028692957
3030618712
3410842864
3428167301
3700968137
3806872097
3901658793
4306124717
4819374982
4819849023
4832781645
4915935016
733641930282795008
735134198592344064
745594240172965888
748998233444212736
756667586079756290
761282449603174400
772432471778594816
783022343991988225
792978138309464064
793120569579413504
820943497687613440
823987750860890112
833513685347946496
834879092801560577
841522047473876993
855059808650756096
860169258155769857
914794505420902400
918474910145576961
920673932436439041
936311875582808065
937755612594802688
949695237160689664
952629668800278528
954324041548075009
956891577187799040
956984602245156864
958197921140367361
959579620457795584
963369964991283200
970630026654879744
970725716324225024
973559642604400640
980015893756465152
987786490083184640
999984554852192256
1003701477515448320
1004104667704578049
1014997716747812864
1020276783147638785
1029397968137478144
1030752300233572352
1037887438306390017
1042906254601908224
1065893173493407744
1069672376697319424
1079006445486645248
1079333331702026243
1080190961337147392
1100311663549579264
1100364162260180992
1103769119860682752
1104830306278875138
1105269905736298498
1108889073534423040
1110136886201409536
1130578205000253443
1133126593054797824
1136655595224915968
1143887304446087169
1161976878497980416
1176597721085616128
1181516368325292032
1194154999841984515
1194192565421125633
1195120023435718656
1196829122267361290
1199594240650690560
1220370118200348673
1225823267296071682
1231167770445930498
1232027190205779969
1234565874150973440
1236041961154457602
1239999545351778307
1249584471659216897
1250024962204803073
1250400414975037441
1257263330768695297
1258656514304356353
1259387017651240961
1263898949095751682
1276829779900104708
1282543272477556737
1287344606737293312
1289494868096671744
1294618206955548674
1306611300211056643
1309779525048446981
1310465735869825025
1311753666496466945
1313877718870695939
1322708208335622144
1360965675431436296
1368389712793268227
1411723135423070210
1420498040025190400
1435483172175745028
1465413458032308227
1483160895022845957
1489511900106960902
1529089691349393411
